1	4	3	1	2
3	5	3	4	4
3	5	3	1	1
4	3	5	5	3
2	3	3	4	5
4	1	5	1	1
3	1	2	3	2
5	3	3	2	5
1	4	3	1	2
5	1	1	4	2
1	5	2	2	3
3	1	1	3	2
3	4	4	1	4
1	2	5	5	2
2	2	2	5	1
3	3	4	1	5
3	1	2	2	4
1	4	3	4	3
2	4	1	5	3
2	2	2	4	3
5	3	5	2	5
2	2	2	3	5
3	5	3	5	2
4	5	4	2	1
4	1	1	1	4
2	2	3	1	2
1	5	4	5	5
5	5	5	1	4
5	4	1	4	3
5	1	4	2	1
3	5	3	2	1
4	2	3	3	4
1	2	2	1	1
5	2	1	3	4
2	5	1	1	3
5	1	5	4	4
5	4	1	3	5
5	3	4	4	3
1	4	1	4	1
3	3	2	1	4
4	1	4	3	1
5	5	4	1	4
3	5	3	1	2
3	1	3	1	2
5	1	1	1	3
2	5	5	5	4
4	2	3	1	5
2	4	3	2	1
5	3	1	3	3
5	4	5	5	3
3	2	5	4	5
5	4	5	4	1
5	1	5	2	2
1	1	3	1	3
3	5	4	2	3
4	1	1	5	2
1	4	2	4	1
4	4	3	1	1
5	5	5	2	2
4	1	3	4	1
1	4	1	1	2
3	5	5	1	2
2	4	3	1	3
4	4	1	3	3
3	3	3	5	2
5	4	2	1	3
1	3	2	4	2
3	3	1	4	4
4	1	2	4	5
2	5	5	3	1
5	3	1	1	1
5	2	1	1	5
4	2	3	3	1
2	3	3	5	4
1	3	1	2	4
1	4	3	1	1
5	5	1	3	3
1	5	5	4	5
5	2	4	4	5
1	2	4	1	1
1	1	5	1	4
1	2	4	4	2
2	4	3	4	1
3	2	1	4	5
5	2	4	1	3
5	5	2	5	4
3	1	2	5	3
4	1	1	3	2
5	1	3	3	3
3	5	4	2	5
4	5	3	2	1
2	2	5	4	5
1	4	5	4	2
3	5	4	2	3
1	2	5	5	1
4	4	1	4	4
3	3	2	1	2
5	1	5	5	4
5	5	4	5	2
3	1	2	3	5
2   5   3   3   2
0   4   0   0   1
0   4   0   0   1
0   4   0   0   1
0   4   0   0   1
0   4   0   0   1
0   4   0   0   1
0   0   0   0   0
0   0   0   0   0
0   0   0   0   0
0   0   0   0   0
0   0   0   0   0
0   0   0   0   0
0   0   0   0   0
0   0   0   0   0
0   0   0   0   0
0   0   0   0   0
1   2   3   4   5
1   1   1   1   1
2   3   4   5   5
1   2   3   4   5
1   1   1   1   1
1   1   1   1   1
1   2   3   4   5
1   1   5   1   1
1   2   2   5   5
1   2   2   1   4
1   2   2   4   4
1   2   3   4   5
1   0   4   3   4
4   2   5   2   3
1   2   3   4   5
2   4   8   6   8
2   4   4   6   6
2   4   4   6   6
2   4   4   8   10
1   2   4   4   5
1   2   3   4   5
1   2   3   4   5
3   4   1   3   2
1   2   4   3   4
1   1   5   1   1
1   1   5   1   1
1   2   3   4   5
1   1   5   1   1
1   1   5   1   1
1   2   3   4   4
3   1   2   5   5
11   3   0   0   1
12   3   0   0   0
3   5   0   0   1
10   0   0   2   0
7   3   0   0   4
3   3   3   3   3
4   4   2   4   4
3   3   3   3   3
4   4   2   4   4
4   4   2   4   4
5   5   1   5   5
4   4   2   4   4
4   4   2   4   4
5   5   1   5   5
4   4   2   4   4
4   4   2   4   4
4   4   2   4   4
2   2   4   2   2
6   0   0   9   0
6   0   0   6   2
6   4   0   0   6
6   4   0   2   4
12   0   0   0   3
12   2   0   0   4
8   6   0   0   0
6   3   0   0   6
0   0   0   2   0
0   0   0   0   3
3   0   0   0   0
0   0   0   0   2
0   4   0   0   0
23   17   0   0   24
33   24   0   12   21
0   0   0   1   0
36   20   0   24   16
42   12   0   18   13
